# Made in Blockbench 4.2.2
mtllib Dunesand_Castle.mtl

o cube
v 0.01747408026299571 0.12085608010003257 -0.14437419065771048
v -0.007026268741246511 0.13672690172683283 -0.1608089075570251
v 0.016277877749773878 0.0476823538197292 -0.21325397638474802
v -0.008222471254468344 0.06355317544652944 -0.2296886932840626
v -0.18977399163483916 0.003957187100700185 -0.0165886847888502
v -0.16527364263059693 -0.011913634526100059 -0.00015396788953557505
v -0.190970194148061 -0.06921653917960319 -0.08546847051588773
v -0.16646984514381877 -0.08508736080640343 -0.0690337536165731
vt 0 0.4375
vt 1 0.4375
vt 1 0.0625
vt 0 0.0625
vt 0.3125 0.625
vt 0.4375 0.625
vt 0.4375 0.25
vt 0.3125 0.25
vt 0 0.375
vt 1 0.375
vt 1 0
vt 0 0
vt 0.0625 0.5625
vt 0.1875 0.5625
vt 0.1875 0.1875
vt 0.0625 0.1875
vt 0 0.5
vt 1 0.5
vt 1 0.375
vt 0 0.375
vt 0 0.4375
vt 1 0.4375
vt 1 0.3125
vt 0 0.3125
vn -0.7313537016191706 0.47375586945672354 -0.4905885641586452
vn 0.6818944884089276 0.49540938293333076 -0.538135159582742
vn 0.7313537016191706 -0.47375586945672354 0.4905885641586452
vn -0.6818944884089276 -0.49540938293333076 0.538135159582742
vn 0.011902512569371594 0.7280967789084913 0.6853710022590797
vn -0.011902512569371594 -0.7280967789084913 -0.6853710022590797
usemtl m_0
f 4/4/1 7/3/1 5/2/1 2/1/1
f 3/8/2 4/7/2 2/6/2 1/5/2
f 8/12/3 3/11/3 1/10/3 6/9/3
f 7/16/4 8/15/4 6/14/4 5/13/4
f 6/20/5 1/19/5 2/18/5 5/17/5
f 7/24/6 4/23/6 3/22/6 8/21/6
o cube
v 0.18897652329269127 0.009760328712430877 -0.02933117236250815
v 0.16447617428844902 0.02563115033923112 -0.04576588926182276
v 0.18778032077946943 -0.06341339756787251 -0.09821095808954568
v 0.16327997177522718 -0.047542575941072265 -0.11464567498886029
v -0.018271548605143628 -0.10713856428690152 0.09845433350635215
v 0.006228800399098594 -0.12300938591370177 0.11488905040566673
v -0.01946775111836546 -0.18031229056720488 0.029574547779314606
v 0.005032597885876761 -0.19618311219400514 0.046009264678629216
vt 0 0.5
vt 1 0.5
vt 1 0.125
vt 0 0.125
vt 0 1
vt 0.125 1
vt 0.125 0.625
vt 0 0.625
vt 0 0.375
vt 1 0.375
vt 1 0
vt 0 0
vt 0 0.8125
vt 0.125 0.8125
vt 0.125 0.4375
vt 0 0.4375
vt 0 0.875
vt 1 0.875
vt 1 0.75
vt 0 0.75
vt 0 0.5625
vt 1 0.5625
vt 1 0.4375
vt 0 0.4375
vn -0.7313537016191706 0.47375586945672354 -0.4905885641586452
vn 0.6818944884089276 0.49540938293333076 -0.538135159582742
vn 0.7313537016191706 -0.47375586945672354 0.4905885641586452
vn -0.6818944884089276 -0.49540938293333076 0.538135159582742
vn 0.011902512569371594 0.7280967789084913 0.6853710022590797
vn -0.011902512569371594 -0.7280967789084913 -0.6853710022590797
usemtl m_0
f 12/28/7 15/27/7 13/26/7 10/25/7
f 11/32/8 12/31/8 10/30/8 9/29/8
f 16/36/9 11/35/9 9/34/9 14/33/9
f 15/40/10 16/39/10 14/38/10 13/37/10
f 14/44/11 9/43/11 10/42/11 13/41/11
f 15/48/12 12/47/12 11/46/12 16/45/12
o cube
v 0.16447617428844902 0.02563115033923112 -0.04576588926182276
v 0.01747408026299571 0.12085608010003257 -0.14437419065771048
v 0.16327997177522718 -0.047542575941072265 -0.11464567498886029
v 0.016277877749773878 0.0476823538197292 -0.21325397638474802
v -0.005369385098703355 0.10425986577176599 -0.12634666281168863
v 0.14163270892674995 0.009034936010964542 -0.02773836141580091
v -0.006565587611925189 0.03108613949146262 -0.19522644853872617
v 0.14043650641352812 -0.06413879026933884 -0.09661814714283844
vt 0 1
vt 0.125 1
vt 0.125 0.625
vt 0 0.625
vt 0.125 0.8125
vt 0.875 0.8125
vt 0.875 0.4375
vt 0.125 0.4375
vt 0 1
vt 0.125 1
vt 0.125 0.625
vt 0 0.625
vt 0.25 1
vt 1 1
vt 1 0.625
vt 0.25 0.625
vt 0 0.75
vt 0.125 0.75
vt 0.125 0
vt 0 0
vt 0 1
vt 0.125 1
vt 0.125 0.25
vt 0 0.25
vn -0.7313537016191706 0.47375586945672354 -0.4905885641586452
vn 0.6818944884089276 0.49540938293333076 -0.538135159582742
vn 0.7313537016191706 -0.47375586945672354 0.4905885641586452
vn -0.6818944884089276 -0.49540938293333076 0.538135159582742
vn 0.011902512569371594 0.7280967789084913 0.6853710022590797
vn -0.011902512569371594 -0.7280967789084913 -0.6853710022590797
usemtl m_0
f 20/52/13 23/51/13 21/50/13 18/49/13
f 19/56/14 20/55/14 18/54/14 17/53/14
f 24/60/15 19/59/15 17/58/15 22/57/15
f 23/64/16 24/63/16 22/62/16 21/61/16
f 22/68/17 17/67/17 18/66/17 21/65/17
f 23/72/18 20/71/18 19/70/18 24/69/18
o cube
v 0.004571916756555466 -0.09054234995863494 0.08042680566033027
v -0.14243017726889784 0.00468257980216652 -0.018181495735557454
v 0.003375714243333605 -0.1637160762389383 0.01154701993329274
v -0.14362637978211967 -0.06849114647813685 -0.08706128146259497
v -0.16527364263059693 -0.011913634526100059 -0.00015396788953557505
v -0.018271548605143628 -0.10713856428690152 0.09845433350635215
v -0.16646984514381877 -0.08508736080640343 -0.0690337536165731
v -0.01946775111836546 -0.18031229056720488 0.029574547779314606
vt 0 1
vt 0.125 1
vt 0.125 0.625
vt 0 0.625
vt 0.125 0.5
vt 0.875 0.5
vt 0.875 0.125
vt 0.125 0.125
vt 0 1
vt 0.125 1
vt 0.125 0.625
vt 0 0.625
vt 0.1875 0.75
vt 0.9375 0.75
vt 0.9375 0.375
vt 0.1875 0.375
vt 0.5 0.8125
vt 0.625 0.8125
vt 0.625 0.0625
vt 0.5 0.0625
vt 0.25 0.9375
vt 0.375 0.9375
vt 0.375 0.1875
vt 0.25 0.1875
vn -0.7313537016191706 0.47375586945672354 -0.4905885641586452
vn 0.6818944884089276 0.49540938293333076 -0.538135159582742
vn 0.7313537016191706 -0.47375586945672354 0.4905885641586452
vn -0.6818944884089276 -0.49540938293333076 0.538135159582742
vn 0.011902512569371594 0.7280967789084913 0.6853710022590797
vn -0.011902512569371594 -0.7280967789084913 -0.6853710022590797
usemtl m_0
f 28/76/19 31/75/19 29/74/19 26/73/19
f 27/80/20 28/79/20 26/78/20 25/77/20
f 32/84/21 27/83/21 25/82/21 30/81/21
f 31/88/22 32/87/22 30/86/22 29/85/22
f 30/92/23 25/91/23 26/90/23 29/89/23
f 31/96/24 28/95/24 27/94/24 32/93/24
o cube
v 0.03197923966427088 0.11704049647171733 -0.06725469459919793
v -0.004771283842092439 0.14084672891191768 -0.09190676994816985
v 0.03018493589443813 0.007279907051262247 -0.1705743731897542
v -0.006565587611925189 0.03108613949146262 -0.19522644853872617
v -0.03903648188464107 0.11595240741951779 -0.06486547817913704
v -0.002285958378277747 0.09214617497931743 -0.040213402830165126
v -0.04083078565447382 0.006191817999062751 -0.16818515676969337
v -0.004080262148110497 -0.017614414441137614 -0.1435330814207214
vt 0 1
vt 0.1875 1
vt 0.1875 0.4375
vt 0 0.4375
vt 0 1
vt 0.1875 1
vt 0.1875 0.4375
vt 0 0.4375
vt 0 1
vt 0.1875 1
vt 0.1875 0.4375
vt 0 0.4375
vt 0 1
vt 0.1875 1
vt 0.1875 0.4375
vt 0 0.4375
vt 0 1
vt 0.1875 1
vt 0.1875 0.8125
vt 0 0.8125
vt 0 1
vt 0.1875 1
vt 0.1875 0.8125
vt 0 0.8125
vn -0.7313537016191706 0.47375586945672354 -0.4905885641586452
vn 0.6818944884089276 0.49540938293333076 -0.538135159582742
vn 0.7313537016191706 -0.47375586945672354 0.4905885641586452
vn -0.6818944884089276 -0.49540938293333076 0.538135159582742
vn 0.011902512569371594 0.7280967789084913 0.6853710022590797
vn -0.011902512569371594 -0.7280967789084913 -0.6853710022590797
usemtl m_0
f 36/100/25 39/99/25 37/98/25 34/97/25
f 35/104/26 36/103/26 34/102/26 33/101/26
f 40/108/27 35/107/27 33/106/27 38/105/27
f 39/112/28 40/111/28 38/110/28 37/109/28
f 38/116/29 33/115/29 34/114/29 37/113/29
f 39/120/30 36/119/30 35/118/30 40/117/30
o cube
v 0.14223081018336087 0.045621799151116235 0.0067015314477178595
v 0.10548028667699755 0.06942803159131661 -0.01795054390125407
v 0.14043650641352812 -0.06413879026933884 -0.09661814714283844
v 0.1036859829071648 -0.04033255782913847 -0.12127022249181037
v 0.07121508863444892 0.04453371009891671 0.009090747867778734
v 0.10796561214081224 0.02072747765871634 0.033742823216750664
v 0.06942078486461617 -0.06522687932153834 -0.09422893072277756
v 0.10617130837097949 -0.08903311176173871 -0.06957685537380563
vt 0 1
vt 0.1875 1
vt 0.1875 0.4375
vt 0 0.4375
vt 0.5 0.8125
vt 0.6875 0.8125
vt 0.6875 0.25
vt 0.5 0.25
vt 0.0625 0.75
vt 0.25 0.75
vt 0.25 0.1875
vt 0.0625 0.1875
vt 0.1875 0.875
vt 0.375 0.875
vt 0.375 0.3125
vt 0.1875 0.3125
vt 0 1
vt 0.1875 1
vt 0.1875 0.8125
vt 0 0.8125
vt 0 1
vt 0.1875 1
vt 0.1875 0.8125
vt 0 0.8125
vn -0.7313537016191706 0.47375586945672354 -0.4905885641586452
vn 0.6818944884089276 0.49540938293333076 -0.538135159582742
vn 0.7313537016191706 -0.47375586945672354 0.4905885641586452
vn -0.6818944884089276 -0.49540938293333076 0.538135159582742
vn 0.011902512569371594 0.7280967789084913 0.6853710022590797
vn -0.011902512569371594 -0.7280967789084913 -0.6853710022590797
usemtl m_0
f 44/124/31 47/123/31 45/122/31 42/121/31
f 43/128/32 44/127/32 42/126/32 41/125/32
f 48/132/33 43/131/33 41/130/33 46/129/33
f 47/136/34 48/135/34 46/134/34 45/133/34
f 46/140/35 41/139/35 42/138/35 45/137/35
f 47/144/36 44/143/36 43/142/36 48/141/36
o cube
v 0.03943521605571498 -0.029061165326083396 0.08782540675481625
v 0.002684692549351664 -0.0052549328858830235 0.06317333140584432
v 0.03764091228588223 -0.13882175474653846 -0.01549427183574005
v 0.0008903887795189136 -0.11501552230633807 -0.04014634718471198
v -0.031580505493196936 -0.030149254378282864 0.09021462317487712
v 0.005170018013166383 -0.053955486818483236 0.11486669852384902
v -0.033374809263029714 -0.13990984379873794 -0.01310505541567919
v 0.003375714243333605 -0.1637160762389383 0.01154701993329274
vt 0 1
vt 0.1875 1
vt 0.1875 0.4375
vt 0 0.4375
vt 0 1
vt 0.1875 1
vt 0.1875 0.4375
vt 0 0.4375
vt 0 1
vt 0.1875 1
vt 0.1875 0.4375
vt 0 0.4375
vt 0 1
vt 0.1875 1
vt 0.1875 0.4375
vt 0 0.4375
vt 0 1
vt 0.1875 1
vt 0.1875 0.8125
vt 0 0.8125
vt 0 1
vt 0.1875 1
vt 0.1875 0.8125
vt 0 0.8125
vn -0.7313537016191706 0.47375586945672354 -0.4905885641586452
vn 0.6818944884089276 0.49540938293333076 -0.538135159582742
vn 0.7313537016191706 -0.47375586945672354 0.4905885641586452
vn -0.6818944884089276 -0.49540938293333076 0.538135159582742
vn 0.011902512569371594 0.7280967789084913 0.6853710022590797
vn -0.011902512569371594 -0.7280967789084913 -0.6853710022590797
usemtl m_0
f 52/148/37 55/147/37 53/146/37 50/145/37
f 51/152/38 52/151/38 50/150/38 49/149/38
f 56/156/39 51/155/39 49/154/39 54/153/39
f 55/160/40 56/159/40 54/158/40 53/157/40
f 54/164/41 49/163/41 50/162/41 53/161/41
f 55/168/42 52/167/42 51/166/42 56/165/42
o cube
v -0.07081635446337498 0.042357531994517694 0.013869180707900455
v -0.10756687796973831 0.06616376443471805 -0.010782894641071475
v -0.07261065823320774 -0.06740305742593736 -0.08945049788265584
v -0.10936118173957107 -0.043596824985736984 -0.11410257323162776
v -0.14183207601228692 0.04126944294231823 0.01625839712796133
v -0.1050815525059236 0.017463210502117854 0.04091047247693326
v -0.14362637978211967 -0.06849114647813685 -0.08706128146259497
v -0.10687585627575635 -0.09229737891833723 -0.06240920611362305
vt 0 1
vt 0.1875 1
vt 0.1875 0.4375
vt 0 0.4375
vt 0 1
vt 0.1875 1
vt 0.1875 0.4375
vt 0 0.4375
vt 0 1
vt 0.1875 1
vt 0.1875 0.4375
vt 0 0.4375
vt 0 1
vt 0.1875 1
vt 0.1875 0.4375
vt 0 0.4375
vt 0 1
vt 0.1875 1
vt 0.1875 0.8125
vt 0 0.8125
vt 0 1
vt 0.1875 1
vt 0.1875 0.8125
vt 0 0.8125
vn -0.7313537016191706 0.47375586945672354 -0.4905885641586452
vn 0.6818944884089276 0.49540938293333076 -0.538135159582742
vn 0.7313537016191706 -0.47375586945672354 0.4905885641586452
vn -0.6818944884089276 -0.49540938293333076 0.538135159582742
vn 0.011902512569371594 0.7280967789084913 0.6853710022590797
vn -0.011902512569371594 -0.7280967789084913 -0.6853710022590797
usemtl m_0
f 60/172/43 63/171/43 61/170/43 58/169/43
f 59/176/44 60/175/44 58/174/44 57/173/44
f 64/180/45 59/179/45 57/178/45 62/177/45
f 63/184/46 64/183/46 62/182/46 61/181/46
f 62/188/47 57/187/47 58/186/47 61/185/47
f 63/192/48 60/191/48 59/190/48 64/189/48
o cube
v -0.04694508019486737 0.05491584939196813 0.024552739522386416
v -0.1081959527054729 0.09459290345896873 -0.016534052725900125
v -0.047144447280404345 0.042720228345250896 0.013072775234546849
v -0.10839531979100987 0.0823972824122515 -0.028014017013739706
v -0.1653046161097206 0.053102367638302256 0.02853476688915453
v -0.10405374359911507 0.013425313571301653 0.06962155913744107
v -0.16550398319525758 0.04090674659158505 0.01705480260131495
v -0.10425311068465204 0.001229692524584436 0.058141594849601505
vt 0 1
vt 0.3125 1
vt 0.3125 0.9375
vt 0 0.9375
vt 0 1
vt 0.3125 1
vt 0.3125 0.9375
vt 0 0.9375
vt 0 1
vt 0.3125 1
vt 0.3125 0.9375
vt 0 0.9375
vt 0 1
vt 0.3125 1
vt 0.3125 0.9375
vt 0 0.9375
vt 0 1
vt 0.3125 1
vt 0.3125 0.6875
vt 0 0.6875
vt 0 1
vt 0.3125 1
vt 0.3125 0.6875
vt 0 0.6875
vn -0.7313537016191706 0.47375586945672354 -0.4905885641586452
vn 0.6818944884089276 0.49540938293333076 -0.538135159582742
vn 0.7313537016191706 -0.47375586945672354 0.4905885641586452
vn -0.6818944884089276 -0.49540938293333076 0.538135159582742
vn 0.011902512569371594 0.7280967789084913 0.6853710022590797
vn -0.011902512569371594 -0.7280967789084913 -0.6853710022590797
usemtl m_0
f 68/196/49 71/195/49 69/194/49 66/193/49
f 67/200/50 68/199/50 66/198/50 65/197/50
f 72/204/51 67/203/51 65/202/51 70/201/51
f 71/208/52 72/207/52 70/206/52 69/205/52
f 70/212/53 65/211/53 66/210/53 69/209/53
f 71/216/54 68/215/54 67/214/54 72/213/54
o cube
v 0.06330649032422264 -0.016502847928632963 0.0985089655693022
v 0.002055617813617072 0.02317420613836764 0.05742217332101564
v 0.06310712323868567 -0.028698468975350194 0.08702900128146264
v 0.0018562507280801 0.010978585091650409 0.04594220903317607
v -0.05505304559063062 -0.018316329682298835 0.1024909929360703
v 0.006197826919974947 -0.05799338374929944 0.14357778518435688
v -0.055252412676167595 -0.030511950729016052 0.09101102864823073
v 0.005998459834437975 -0.07018900479601665 0.13209782089651728
vt 0 1
vt 0.3125 1
vt 0.3125 0.9375
vt 0 0.9375
vt 0 1
vt 0.3125 1
vt 0.3125 0.9375
vt 0 0.9375
vt 0 1
vt 0.3125 1
vt 0.3125 0.9375
vt 0 0.9375
vt 0 1
vt 0.3125 1
vt 0.3125 0.9375
vt 0 0.9375
vt 0 1
vt 0.3125 1
vt 0.3125 0.6875
vt 0 0.6875
vt 0 1
vt 0.3125 1
vt 0.3125 0.6875
vt 0 0.6875
vn -0.7313537016191706 0.47375586945672354 -0.4905885641586452
vn 0.6818944884089276 0.49540938293333076 -0.538135159582742
vn 0.7313537016191706 -0.47375586945672354 0.4905885641586452
vn -0.6818944884089276 -0.49540938293333076 0.538135159582742
vn 0.011902512569371594 0.7280967789084913 0.6853710022590797
vn -0.011902512569371594 -0.7280967789084913 -0.6853710022590797
usemtl m_0
f 76/220/55 79/219/55 77/218/55 74/217/55
f 75/224/56 76/223/56 74/222/56 73/221/56
f 80/228/57 75/227/57 73/226/57 78/225/57
f 79/232/58 80/231/58 78/230/58 77/229/58
f 78/236/59 73/235/59 74/234/59 77/233/59
f 79/240/60 76/239/60 75/238/60 80/237/60
o cube
v 0.16610208445186853 0.05818011654856661 0.01738509026220382
v 0.10485121194126296 0.0978571706155672 -0.023701701986082735
v 0.1659027173663315 0.04598449550184938 0.005905125974364239
v 0.10465184485572598 0.08566154956884997 -0.035181666273922316
v 0.04774254853701526 0.05636663479490078 0.02136711762897192
v 0.10899342104762083 0.016689580727900194 0.062453909877258476
v 0.04754318145147829 0.044171013748183566 0.00988715334113234
v 0.1087940539620838 0.004493959681182963 0.05097394558941888
vt 0 1
vt 0.3125 1
vt 0.3125 0.9375
vt 0 0.9375
vt 0 1
vt 0.3125 1
vt 0.3125 0.9375
vt 0 0.9375
vt 0 1
vt 0.3125 1
vt 0.3125 0.9375
vt 0 0.9375
vt 0 1
vt 0.3125 1
vt 0.3125 0.9375
vt 0 0.9375
vt 0 1
vt 0.3125 1
vt 0.3125 0.6875
vt 0 0.6875
vt 0 1
vt 0.3125 1
vt 0.3125 0.6875
vt 0 0.6875
vn -0.7313537016191706 0.47375586945672354 -0.4905885641586452
vn 0.6818944884089276 0.49540938293333076 -0.538135159582742
vn 0.7313537016191706 -0.47375586945672354 0.4905885641586452
vn -0.6818944884089276 -0.49540938293333076 0.538135159582742
vn 0.011902512569371594 0.7280967789084913 0.6853710022590797
vn -0.011902512569371594 -0.7280967789084913 -0.6853710022590797
usemtl m_0
f 84/244/61 87/243/61 85/242/61 82/241/61
f 83/248/62 84/247/62 82/246/62 81/245/62
f 88/252/63 83/251/63 81/250/63 86/249/63
f 87/256/64 88/255/64 86/254/64 85/253/64
f 86/260/65 81/259/65 82/258/65 85/257/65
f 87/264/66 84/263/66 83/262/66 88/261/66
o cube
v 0.05585051393277851 0.12959881386916772 -0.056571135784711964
v -0.005400358577827058 0.1692758679361683 -0.09765792803299851
v 0.05565114684724154 0.11740319282245049 -0.06805110007255155
v -0.00559972566336403 0.15708024688945108 -0.10913789232083809
v -0.06250902198207475 0.1277853321155019 -0.052589108417943856
v -0.0012581494714691832 0.0881082780485013 -0.011502316169657315
v -0.06270838906761173 0.11558971106878466 -0.06406907270578344
v -0.0014575165570061555 0.07591265700178407 -0.02298228045749689
vt 0 1
vt 0.3125 1
vt 0.3125 0.9375
vt 0 0.9375
vt 0 1
vt 0.3125 1
vt 0.3125 0.9375
vt 0 0.9375
vt 0 1
vt 0.3125 1
vt 0.3125 0.9375
vt 0 0.9375
vt 0 1
vt 0.3125 1
vt 0.3125 0.9375
vt 0 0.9375
vt 0 1
vt 0.3125 1
vt 0.3125 0.6875
vt 0 0.6875
vt 0 1
vt 0.3125 1
vt 0.3125 0.6875
vt 0 0.6875
vn -0.7313537016191706 0.47375586945672354 -0.4905885641586452
vn 0.6818944884089276 0.49540938293333076 -0.538135159582742
vn 0.7313537016191706 -0.47375586945672354 0.4905885641586452
vn -0.6818944884089276 -0.49540938293333076 0.538135159582742
vn 0.011902512569371594 0.7280967789084913 0.6853710022590797
vn -0.011902512569371594 -0.7280967789084913 -0.6853710022590797
usemtl m_0
f 92/268/67 95/267/67 93/266/67 90/265/67
f 91/272/68 92/271/68 90/270/68 89/269/68
f 96/276/69 91/275/69 89/274/69 94/273/69
f 95/280/70 96/279/70 94/278/70 93/277/70
f 94/284/71 89/283/71 90/282/71 93/281/71
f 95/288/72 92/287/72 91/286/72 96/285/72
o cube
v -0.09554704403227784 0.11104873473900306 0.014643234299436356
v -0.10779721853439896 0.11898414555240316 0.00642587584977905
v -0.09594577820335179 0.0866574926455686 -0.008316694276242806
v -0.1081959527054729 0.09459290345896873 -0.016534052725900125
v -0.16490588193864666 0.07749360973173672 0.05149469546483372
v -0.15265570743652557 0.06955819891833659 0.05971205391449101
v -0.1653046161097206 0.053102367638302256 0.02853476688915453
v -0.1530544416075995 0.04516695682490214 0.03675212533881185
vt 0 1
vt 0.3125 1
vt 0.3125 0.875
vt 0 0.875
vt 0 1
vt 0.0625 1
vt 0.0625 0.875
vt 0 0.875
vt 0 1
vt 0.3125 1
vt 0.3125 0.875
vt 0 0.875
vt 0 1
vt 0.0625 1
vt 0.0625 0.875
vt 0 0.875
vt 0 1
vt 0.3125 1
vt 0.3125 0.9375
vt 0 0.9375
vt 0 1
vt 0.3125 1
vt 0.3125 0.9375
vt 0 0.9375
vn -0.7313537016191706 0.47375586945672354 -0.4905885641586452
vn 0.6818944884089276 0.49540938293333076 -0.538135159582742
vn 0.7313537016191706 -0.47375586945672354 0.4905885641586452
vn -0.6818944884089276 -0.49540938293333076 0.538135159582742
vn 0.011902512569371594 0.7280967789084913 0.6853710022590797
vn -0.011902512569371594 -0.7280967789084913 -0.6853710022590797
usemtl m_0
f 100/292/73 103/291/73 101/290/73 98/289/73
f 99/296/74 100/295/74 98/294/74 97/293/74
f 104/300/75 99/299/75 97/298/75 102/297/75
f 103/304/76 104/303/76 102/302/76 101/301/76
f 102/308/77 97/307/77 98/306/77 101/305/77
f 103/312/78 100/311/78 99/310/78 104/309/78
o cube
v 0.014704526486812142 0.03963003741840196 0.08859946034635215
v 0.0024543519846910167 0.047565448231802074 0.08038210189669483
v 0.014305792315738197 0.015238795324967525 0.06563953177067296
v 0.002055617813617072 0.02317420613836764 0.05742217332101564
v -0.05465431141955668 0.006074912411135627 0.12545092151174947
v -0.04240413691743555 -0.0018604984022644877 0.1336682799614068
v -0.05505304559063062 -0.018316329682298835 0.1024909929360703
v -0.0428028710885095 -0.02625174049569895 0.11070835138572761
vt 0 1
vt 0.3125 1
vt 0.3125 0.875
vt 0 0.875
vt 0 1
vt 0.0625 1
vt 0.0625 0.875
vt 0 0.875
vt 0 1
vt 0.3125 1
vt 0.3125 0.875
vt 0 0.875
vt 0 1
vt 0.0625 1
vt 0.0625 0.875
vt 0 0.875
vt 0 1
vt 0.3125 1
vt 0.3125 0.9375
vt 0 0.9375
vt 0 1
vt 0.3125 1
vt 0.3125 0.9375
vt 0 0.9375
vn -0.7313537016191706 0.47375586945672354 -0.4905885641586452
vn 0.6818944884089276 0.49540938293333076 -0.538135159582742
vn 0.7313537016191706 -0.47375586945672354 0.4905885641586452
vn -0.6818944884089276 -0.49540938293333076 0.538135159582742
vn 0.011902512569371594 0.7280967789084913 0.6853710022590797
vn -0.011902512569371594 -0.7280967789084913 -0.6853710022590797
usemtl m_0
f 108/316/79 111/315/79 109/314/79 106/313/79
f 107/320/80 108/319/80 106/318/80 105/317/80
f 112/324/81 107/323/81 105/322/81 110/321/81
f 111/328/82 112/327/82 110/326/82 109/325/82
f 110/332/83 105/331/83 106/330/83 109/329/83
f 111/336/84 108/335/84 107/334/84 112/333/84
o cube
v 0.11750012061445797 0.11431300189560156 0.00747558503925376
v 0.1052499461123369 0.12224841270900166 -0.0007417734104035595
v 0.11710138644338403 0.0899217598021671 -0.015484343536425416
v 0.10485121194126296 0.0978571706155672 -0.023701701986082735
v 0.048141282708089206 0.08075787688833524 0.0443270462046511
v 0.060391457210210275 0.07282246607493512 0.052544404654308416
v 0.04774254853701526 0.05636663479490078 0.02136711762897192
v 0.05999272303913633 0.04843122398150068 0.02958447607862924
vt 0 1
vt 0.3125 1
vt 0.3125 0.875
vt 0 0.875
vt 0 1
vt 0.0625 1
vt 0.0625 0.875
vt 0 0.875
vt 0 1
vt 0.3125 1
vt 0.3125 0.875
vt 0 0.875
vt 0 1
vt 0.0625 1
vt 0.0625 0.875
vt 0 0.875
vt 0 1
vt 0.3125 1
vt 0.3125 0.9375
vt 0 0.9375
vt 0 1
vt 0.3125 1
vt 0.3125 0.9375
vt 0 0.9375
vn -0.7313537016191706 0.47375586945672354 -0.4905885641586452
vn 0.6818944884089276 0.49540938293333076 -0.538135159582742
vn 0.7313537016191706 -0.47375586945672354 0.4905885641586452
vn -0.6818944884089276 -0.49540938293333076 0.538135159582742
vn 0.011902512569371594 0.7280967789084913 0.6853710022590797
vn -0.011902512569371594 -0.7280967789084913 -0.6853710022590797
usemtl m_0
f 116/340/85 119/339/85 117/338/85 114/337/85
f 115/344/86 116/343/86 114/342/86 113/341/86
f 120/348/87 115/347/87 113/346/87 118/345/87
f 119/352/88 120/351/88 118/350/88 117/349/88
f 118/356/89 113/355/89 114/354/89 117/353/89
f 119/360/90 116/359/90 115/358/90 120/357/90
o cube
v 0.0072485500953680115 0.18573169921620264 -0.06648064100766202
v -0.0050016244067531135 0.1936671100296028 -0.07469799945731934
v 0.006849815924294067 0.16134045712276818 -0.0894405695833412
v -0.005400358577827058 0.1692758679361683 -0.09765792803299851
v -0.06211028781100081 0.15217657420893632 -0.02962917984226468
v -0.04986011330887968 0.14424116339553622 -0.021411821392607375
v -0.06250902198207475 0.1277853321155019 -0.052589108417943856
v -0.05025884747995363 0.11984992130210176 -0.04437174996828654
vt 0 1
vt 0.3125 1
vt 0.3125 0.875
vt 0 0.875
vt 0 1
vt 0.0625 1
vt 0.0625 0.875
vt 0 0.875
vt 0 1
vt 0.3125 1
vt 0.3125 0.875
vt 0 0.875
vt 0 1
vt 0.0625 1
vt 0.0625 0.875
vt 0 0.875
vt 0 1
vt 0.3125 1
vt 0.3125 0.9375
vt 0 0.9375
vt 0 1
vt 0.3125 1
vt 0.3125 0.9375
vt 0 0.9375
vn -0.7313537016191706 0.47375586945672354 -0.4905885641586452
vn 0.6818944884089276 0.49540938293333076 -0.538135159582742
vn 0.7313537016191706 -0.47375586945672354 0.4905885641586452
vn -0.6818944884089276 -0.49540938293333076 0.538135159582742
vn 0.011902512569371594 0.7280967789084913 0.6853710022590797
vn -0.011902512569371594 -0.7280967789084913 -0.6853710022590797
usemtl m_0
f 124/364/91 127/363/91 125/362/91 122/361/91
f 123/368/92 124/367/92 122/366/92 121/365/92
f 128/372/93 123/371/93 121/370/93 126/369/93
f 127/376/94 128/375/94 126/374/94 125/373/94
f 126/380/95 121/379/95 122/378/95 125/377/95
f 127/384/96 124/383/96 123/382/96 128/381/96
o cube
v -0.04654634602379343 0.07930709148540255 0.047512668098065605
v -0.058796520525914525 0.08724250229880268 0.039295309648408286
v -0.04694508019486737 0.05491584939196813 0.024552739522386416
v -0.05919525469698847 0.06285126020536824 0.01633538107272911
v -0.11590518393016222 0.04575196647813623 0.08436412926346294
v -0.10365500942804112 0.037816555664736115 0.09258148771312026
v -0.11630391810123616 0.021360724384701768 0.06140420068778375
v -0.10405374359911507 0.013425313571301653 0.06962155913744107
vt 0 1
vt 0.3125 1
vt 0.3125 0.875
vt 0 0.875
vt 0 1
vt 0.0625 1
vt 0.0625 0.875
vt 0 0.875
vt 0 1
vt 0.3125 1
vt 0.3125 0.875
vt 0 0.875
vt 0 1
vt 0.0625 1
vt 0.0625 0.875
vt 0 0.875
vt 0 1
vt 0.3125 1
vt 0.3125 0.9375
vt 0 0.9375
vt 0 1
vt 0.3125 1
vt 0.3125 0.9375
vt 0 0.9375
vn -0.7313537016191706 0.47375586945672354 -0.4905885641586452
vn 0.6818944884089276 0.49540938293333076 -0.538135159582742
vn 0.7313537016191706 -0.47375586945672354 0.4905885641586452
vn -0.6818944884089276 -0.49540938293333076 0.538135159582742
vn 0.011902512569371594 0.7280967789084913 0.6853710022590797
vn -0.011902512569371594 -0.7280967789084913 -0.6853710022590797
usemtl m_0
f 132/388/97 135/387/97 133/386/97 130/385/97
f 131/392/98 132/391/98 130/390/98 129/389/98
f 136/396/99 131/395/99 129/394/99 134/393/99
f 135/400/100 136/399/100 134/398/100 133/397/100
f 134/404/101 129/403/101 130/402/101 133/401/101
f 135/408/102 132/407/102 131/406/102 136/405/102
o cube
v 0.06370522449529659 0.007888394164801471 0.12146889414498137
v 0.05145504999317546 0.015823804978201586 0.11325153569532408
v 0.06330649032422264 -0.016502847928632963 0.0985089655693022
v 0.05105631582210152 -0.008567437115232848 0.09029160711964491
v -0.005653613411072234 -0.02566673084246486 0.15832035531037875
v 0.0065965610910488914 -0.033602141655864975 0.166537713760036
v -0.006052347582146178 -0.05005797293589932 0.13536042673469956
v 0.006197826919974947 -0.05799338374929944 0.14357778518435688
vt 0 1
vt 0.3125 1
vt 0.3125 0.875
vt 0 0.875
vt 0 1
vt 0.0625 1
vt 0.0625 0.875
vt 0 0.875
vt 0 1
vt 0.3125 1
vt 0.3125 0.875
vt 0 0.875
vt 0 1
vt 0.0625 1
vt 0.0625 0.875
vt 0 0.875
vt 0 1
vt 0.3125 1
vt 0.3125 0.9375
vt 0 0.9375
vt 0 1
vt 0.3125 1
vt 0.3125 0.9375
vt 0 0.9375
vn -0.7313537016191706 0.47375586945672354 -0.4905885641586452
vn 0.6818944884089276 0.49540938293333076 -0.538135159582742
vn 0.7313537016191706 -0.47375586945672354 0.4905885641586452
vn -0.6818944884089276 -0.49540938293333076 0.538135159582742
vn 0.011902512569371594 0.7280967789084913 0.6853710022590797
vn -0.011902512569371594 -0.7280967789084913 -0.6853710022590797
usemtl m_0
f 140/412/103 143/411/103 141/410/103 138/409/103
f 139/416/104 140/415/104 138/414/104 137/413/104
f 144/420/105 139/419/105 137/418/105 142/417/105
f 143/424/106 144/423/106 142/422/106 141/421/106
f 142/428/107 137/427/107 138/426/107 141/425/107
f 143/432/108 140/431/108 139/430/108 144/429/108
o cube
v 0.16650081862294247 0.08257135864200107 0.04034501883788301
v 0.1542506441208213 0.0905067694554012 0.03212766038822569
v 0.16610208445186853 0.05818011654856661 0.01738509026220382
v 0.15385190994974735 0.06611552736196674 0.009167731812546515
v 0.0971419807165736 0.04901623363473474 0.07719648000328035
v 0.10939215521869478 0.04108082282133463 0.08541383845293767
v 0.09674324654549965 0.02462499154130031 0.05423655142760116
v 0.10899342104762083 0.016689580727900194 0.062453909877258476
vt 0 1
vt 0.3125 1
vt 0.3125 0.875
vt 0 0.875
vt 0 1
vt 0.0625 1
vt 0.0625 0.875
vt 0 0.875
vt 0 1
vt 0.3125 1
vt 0.3125 0.875
vt 0 0.875
vt 0 1
vt 0.0625 1
vt 0.0625 0.875
vt 0 0.875
vt 0 1
vt 0.3125 1
vt 0.3125 0.9375
vt 0 0.9375
vt 0 1
vt 0.3125 1
vt 0.3125 0.9375
vt 0 0.9375
vn -0.7313537016191706 0.47375586945672354 -0.4905885641586452
vn 0.6818944884089276 0.49540938293333076 -0.538135159582742
vn 0.7313537016191706 -0.47375586945672354 0.4905885641586452
vn -0.6818944884089276 -0.49540938293333076 0.538135159582742
vn 0.011902512569371594 0.7280967789084913 0.6853710022590797
vn -0.011902512569371594 -0.7280967789084913 -0.6853710022590797
usemtl m_0
f 148/436/109 151/435/109 149/434/109 146/433/109
f 147/440/110 148/439/110 146/438/110 145/437/110
f 152/444/111 147/443/111 145/442/111 150/441/111
f 151/448/112 152/447/112 150/446/112 149/445/112
f 150/452/113 145/451/113 146/450/113 149/449/113
f 151/456/114 148/455/114 147/454/114 152/453/114
o cube
v 0.056249248103852456 0.15399005596260218 -0.03361120720903279
v 0.04399907360173133 0.16192546677600228 -0.0418285656586901
v 0.05585051393277851 0.12959881386916772 -0.056571135784711964
v 0.04360033943065739 0.13753422468256782 -0.06478849423436928
v -0.013109589802516364 0.12043493095533583 0.0032402539563645555
v -0.0008594153003952387 0.1124995201419357 0.011457612406021875
v -0.013508323973590308 0.0960436888619014 -0.01971967461931462
v -0.0012581494714691832 0.0881082780485013 -0.011502316169657315
vt 0 1
vt 0.3125 1
vt 0.3125 0.875
vt 0 0.875
vt 0 1
vt 0.0625 1
vt 0.0625 0.875
vt 0 0.875
vt 0 1
vt 0.3125 1
vt 0.3125 0.875
vt 0 0.875
vt 0 1
vt 0.0625 1
vt 0.0625 0.875
vt 0 0.875
vt 0 1
vt 0.3125 1
vt 0.3125 0.9375
vt 0 0.9375
vt 0 1
vt 0.3125 1
vt 0.3125 0.9375
vt 0 0.9375
vn -0.7313537016191706 0.47375586945672354 -0.4905885641586452
vn 0.6818944884089276 0.49540938293333076 -0.538135159582742
vn 0.7313537016191706 -0.47375586945672354 0.4905885641586452
vn -0.6818944884089276 -0.49540938293333076 0.538135159582742
vn 0.011902512569371594 0.7280967789084913 0.6853710022590797
vn -0.011902512569371594 -0.7280967789084913 -0.6853710022590797
usemtl m_0
f 156/460/115 159/459/115 157/458/115 154/457/115
f 155/464/116 156/463/116 154/462/116 153/461/116
f 160/468/117 155/467/117 153/466/117 158/465/117
f 159/472/118 160/471/118 158/470/118 157/469/118
f 158/476/119 153/475/119 154/474/119 157/473/119
f 159/480/120 156/479/120 155/478/120 160/477/120
o cube
v -0.10448345124931269 0.05405007364226952 0.07535036534045199
v -0.141233974755676 0.0778563060824699 0.050698289991480086
v -0.10488218542038663 0.029658831548835085 0.05239043676477283
v -0.14163270892674995 0.05346506398903546 0.027738361415800897
v -0.15265570743652557 0.06955819891833659 0.05971205391449101
v -0.11590518393016222 0.04575196647813623 0.08436412926346294
v -0.1530544416075995 0.04516695682490214 0.03675212533881185
v -0.11630391810123616 0.021360724384701768 0.06140420068778375
vt 0 1
vt 0.0625 1
vt 0.0625 0.875
vt 0 0.875
vt 0 1
vt 0.1875 1
vt 0.1875 0.875
vt 0 0.875
vt 0 1
vt 0.0625 1
vt 0.0625 0.875
vt 0 0.875
vt 0 1
vt 0.1875 1
vt 0.1875 0.875
vt 0 0.875
vt 0 1
vt 0.0625 1
vt 0.0625 0.8125
vt 0 0.8125
vt 0 1
vt 0.0625 1
vt 0.0625 0.8125
vt 0 0.8125
vn -0.7313537016191706 0.47375586945672354 -0.4905885641586452
vn 0.6818944884089276 0.49540938293333076 -0.538135159582742
vn 0.7313537016191706 -0.47375586945672354 0.4905885641586452
vn -0.6818944884089276 -0.49540938293333076 0.538135159582742
vn 0.011902512569371594 0.7280967789084913 0.6853710022590797
vn -0.011902512569371594 -0.7280967789084913 -0.6853710022590797
usemtl m_0
f 164/484/121 167/483/121 165/482/121 162/481/121
f 163/488/122 164/487/122 162/486/122 161/485/122
f 168/492/123 163/491/123 161/490/123 166/489/123
f 167/496/124 168/495/124 166/494/124 165/493/124
f 166/500/125 161/499/125 162/498/125 165/497/125
f 167/504/126 164/503/126 163/502/126 168/501/126
o cube
v 0.0057681192697773 -0.01736862367833157 0.1493065913873678
v -0.03098240423658602 0.006437608761868802 0.12465451603839585
v 0.005369385098703355 -0.041759865771766005 0.1263466628116886
v -0.031381138407659964 -0.017953633331565633 0.10169458746271669
v -0.04240413691743555 -0.0018604984022644877 0.1336682799614068
v -0.005653613411072234 -0.02566673084246486 0.15832035531037875
v -0.0428028710885095 -0.02625174049569895 0.11070835138572761
v -0.006052347582146178 -0.05005797293589932 0.13536042673469956
vt 0 1
vt 0.0625 1
vt 0.0625 0.875
vt 0 0.875
vt 0 1
vt 0.1875 1
vt 0.1875 0.875
vt 0 0.875
vt 0 1
vt 0.0625 1
vt 0.0625 0.875
vt 0 0.875
vt 0 1
vt 0.1875 1
vt 0.1875 0.875
vt 0 0.875
vt 0 1
vt 0.0625 1
vt 0.0625 0.8125
vt 0 0.8125
vt 0 1
vt 0.0625 1
vt 0.0625 0.8125
vt 0 0.8125
vn -0.7313537016191706 0.47375586945672354 -0.4905885641586452
vn 0.6818944884089276 0.49540938293333076 -0.538135159582742
vn 0.7313537016191706 -0.47375586945672354 0.4905885641586452
vn -0.6818944884089276 -0.49540938293333076 0.538135159582742
vn 0.011902512569371594 0.7280967789084913 0.6853710022590797
vn -0.011902512569371594 -0.7280967789084913 -0.6853710022590797
usemtl m_0
f 172/508/127 175/507/127 173/506/127 170/505/127
f 171/512/128 172/511/128 170/510/128 169/509/128
f 176/516/129 171/515/129 169/514/129 174/513/129
f 175/520/130 176/519/130 174/518/130 173/517/130
f 174/524/131 169/523/131 170/522/131 173/521/131
f 175/528/132 172/527/132 171/526/132 176/525/132
o cube
v 0.10856371339742316 0.057314340798868046 0.06818271608026942
v 0.07181318989105984 0.0811205732390684 0.04353064073129749
v 0.10816497922634921 0.03292309870543357 0.04522278750459026
v 0.07141445571998589 0.05672933114563394 0.020570712155618315
v 0.060391457210210275 0.07282246607493512 0.052544404654308416
v 0.0971419807165736 0.04901623363473474 0.07719648000328035
v 0.05999272303913633 0.04843122398150068 0.02958447607862924
v 0.09674324654549965 0.02462499154130031 0.05423655142760116
vt 0 1
vt 0.0625 1
vt 0.0625 0.875
vt 0 0.875
vt 0 1
vt 0.1875 1
vt 0.1875 0.875
vt 0 0.875
vt 0 1
vt 0.0625 1
vt 0.0625 0.875
vt 0 0.875
vt 0 1
vt 0.1875 1
vt 0.1875 0.875
vt 0 0.875
vt 0 1
vt 0.0625 1
vt 0.0625 0.8125
vt 0 0.8125
vt 0 1
vt 0.0625 1
vt 0.0625 0.8125
vt 0 0.8125
vn -0.7313537016191706 0.47375586945672354 -0.4905885641586452
vn 0.6818944884089276 0.49540938293333076 -0.538135159582742
vn 0.7313537016191706 -0.47375586945672354 0.4905885641586452
vn -0.6818944884089276 -0.49540938293333076 0.538135159582742
vn 0.011902512569371594 0.7280967789084913 0.6853710022590797
vn -0.011902512569371594 -0.7280967789084913 -0.6853710022590797
usemtl m_0
f 180/532/133 183/531/133 181/530/133 178/529/133
f 179/536/134 180/535/134 178/534/134 177/533/134
f 184/540/135 179/539/135 177/538/135 182/537/135
f 183/544/136 184/543/136 182/542/136 181/541/136
f 182/548/137 177/547/137 178/546/137 181/545/137
f 183/552/138 180/551/138 179/550/138 184/549/138
o cube
v -0.0016878571216668303 0.12873303811946912 -0.00577350996664637
v -0.03843838062803015 0.15253927055966948 -0.030425585315618293
v -0.002086591292740775 0.10434179602603466 -0.028733438542325546
v -0.038837114799104094 0.12814802846623502 -0.05338551389129747
v -0.04986011330887968 0.14424116339553622 -0.021411821392607375
v -0.013109589802516364 0.12043493095533583 0.0032402539563645555
v -0.05025884747995363 0.11984992130210176 -0.04437174996828654
v -0.013508323973590308 0.0960436888619014 -0.01971967461931462
vt 0 1
vt 0.0625 1
vt 0.0625 0.875
vt 0 0.875
vt 0 1
vt 0.1875 1
vt 0.1875 0.875
vt 0 0.875
vt 0 1
vt 0.0625 1
vt 0.0625 0.875
vt 0 0.875
vt 0 1
vt 0.1875 1
vt 0.1875 0.875
vt 0 0.875
vt 0 1
vt 0.0625 1
vt 0.0625 0.8125
vt 0 0.8125
vt 0 1
vt 0.0625 1
vt 0.0625 0.8125
vt 0 0.8125
vn -0.7313537016191706 0.47375586945672354 -0.4905885641586452
vn 0.6818944884089276 0.49540938293333076 -0.538135159582742
vn 0.7313537016191706 -0.47375586945672354 0.4905885641586452
vn -0.6818944884089276 -0.49540938293333076 0.538135159582742
vn 0.011902512569371594 0.7280967789084913 0.6853710022590797
vn -0.011902512569371594 -0.7280967789084913 -0.6853710022590797
usemtl m_0
f 188/556/139 191/555/139 189/554/139 186/553/139
f 187/560/140 188/559/140 186/558/140 185/557/140
f 192/564/141 187/563/141 185/562/141 190/561/141
f 191/568/142 192/567/142 190/566/142 189/565/142
f 190/572/143 185/571/143 186/570/143 189/569/143
f 191/576/144 188/575/144 187/574/144 192/573/144
o cube
v -0.058796520525914525 0.08724250229880268 0.039295309648408286
v -0.09554704403227784 0.11104873473900306 0.014643234299436356
v -0.05919525469698847 0.06285126020536824 0.01633538107272911
v -0.09594577820335179 0.0866574926455686 -0.008316694276242806
v -0.10696877671312739 0.10275062757486975 0.02365699822244728
v -0.07021825320676406 0.07894439513466939 0.04830907357141921
v -0.10736751088420134 0.07835938548143528 0.0006970696467681198
v -0.070616987377838 0.054553153041234925 0.025349144995740036
vt 0 1
vt 0.0625 1
vt 0.0625 0.875
vt 0 0.875
vt 0 1
vt 0.1875 1
vt 0.1875 0.875
vt 0 0.875
vt 0 1
vt 0.0625 1
vt 0.0625 0.875
vt 0 0.875
vt 0 1
vt 0.1875 1
vt 0.1875 0.875
vt 0 0.875
vt 0 1
vt 0.0625 1
vt 0.0625 0.8125
vt 0 0.8125
vt 0 1
vt 0.0625 1
vt 0.0625 0.8125
vt 0 0.8125
vn -0.7313537016191706 0.47375586945672354 -0.4905885641586452
vn 0.6818944884089276 0.49540938293333076 -0.538135159582742
vn 0.7313537016191706 -0.47375586945672354 0.4905885641586452
vn -0.6818944884089276 -0.49540938293333076 0.538135159582742
vn 0.011902512569371594 0.7280967789084913 0.6853710022590797
vn -0.011902512569371594 -0.7280967789084913 -0.6853710022590797
usemtl m_0
f 196/580/145 199/579/145 197/578/145 194/577/145
f 195/584/146 196/583/146 194/582/146 193/581/146
f 200/588/147 195/587/147 193/586/147 198/585/147
f 199/592/148 200/591/148 198/590/148 197/589/148
f 198/596/149 193/595/149 194/594/149 197/593/149
f 199/600/150 196/599/150 195/598/150 200/597/150
o cube
v 0.05145504999317546 0.015823804978201586 0.11325153569532408
v 0.014704526486812142 0.03963003741840196 0.08859946034635215
v 0.05105631582210152 -0.008567437115232848 0.09029160711964491
v 0.014305792315738197 0.015238795324967525 0.06563953177067296
v 0.0032827938059625805 0.03133193025426867 0.09761322426936307
v 0.0400333173123259 0.007525697814068297 0.122265299618335
v 0.002884059634888636 0.0069406881608342075 0.07465329569368391
v 0.039634583141251956 -0.016865544279366165 0.09930537104265581
vt 0 1
vt 0.0625 1
vt 0.0625 0.875
vt 0 0.875
vt 0 1
vt 0.1875 1
vt 0.1875 0.875
vt 0 0.875
vt 0 1
vt 0.0625 1
vt 0.0625 0.875
vt 0 0.875
vt 0 1
vt 0.1875 1
vt 0.1875 0.875
vt 0 0.875
vt 0 1
vt 0.0625 1
vt 0.0625 0.8125
vt 0 0.8125
vt 0 1
vt 0.0625 1
vt 0.0625 0.8125
vt 0 0.8125
vn -0.7313537016191706 0.47375586945672354 -0.4905885641586452
vn 0.6818944884089276 0.49540938293333076 -0.538135159582742
vn 0.7313537016191706 -0.47375586945672354 0.4905885641586452
vn -0.6818944884089276 -0.49540938293333076 0.538135159582742
vn 0.011902512569371594 0.7280967789084913 0.6853710022590797
vn -0.011902512569371594 -0.7280967789084913 -0.6853710022590797
usemtl m_0
f 204/604/151 207/603/151 205/602/151 202/601/151
f 203/608/152 204/607/152 202/606/152 201/605/152
f 208/612/153 203/611/153 201/610/153 206/609/153
f 207/616/154 208/615/154 206/614/154 205/613/154
f 206/620/155 201/619/155 202/618/155 205/617/155
f 207/624/156 204/623/156 203/622/156 208/621/156
o cube
v 0.1542506441208213 0.0905067694554012 0.03212766038822569
v 0.11750012061445797 0.11431300189560156 0.00747558503925376
v 0.15385190994974735 0.06611552736196674 0.009167731812546515
v 0.11710138644338403 0.0899217598021671 -0.015484343536425416
v 0.10607838793360846 0.10601489473146825 0.016489348962264685
v 0.14282891143997178 0.08220866229126789 0.041141424311236616
v 0.10567965376253452 0.08162365263803384 -0.00647057961341449
v 0.14243017726889784 0.05781742019783348 0.01818149573555744
vt 0 1
vt 0.0625 1
vt 0.0625 0.875
vt 0 0.875
vt 0 1
vt 0.1875 1
vt 0.1875 0.875
vt 0 0.875
vt 0 1
vt 0.0625 1
vt 0.0625 0.875
vt 0 0.875
vt 0 1
vt 0.1875 1
vt 0.1875 0.875
vt 0 0.875
vt 0 1
vt 0.0625 1
vt 0.0625 0.8125
vt 0 0.8125
vt 0 1
vt 0.0625 1
vt 0.0625 0.8125
vt 0 0.8125
vn -0.7313537016191706 0.47375586945672354 -0.4905885641586452
vn 0.6818944884089276 0.49540938293333076 -0.538135159582742
vn 0.7313537016191706 -0.47375586945672354 0.4905885641586452
vn -0.6818944884089276 -0.49540938293333076 0.538135159582742
vn 0.011902512569371594 0.7280967789084913 0.6853710022590797
vn -0.011902512569371594 -0.7280967789084913 -0.6853710022590797
usemtl m_0
f 212/628/157 215/627/157 213/626/157 210/625/157
f 211/632/158 212/631/158 210/630/158 209/629/158
f 216/636/159 211/635/159 209/634/159 214/633/159
f 215/640/160 216/639/160 214/638/160 213/637/160
f 214/644/161 209/643/161 210/642/161 213/641/161
f 215/648/162 212/647/162 211/646/162 216/645/162
o cube
v 0.04399907360173133 0.16192546677600228 -0.0418285656586901
v 0.0072485500953680115 0.18573169921620264 -0.06648064100766202
v 0.04360033943065739 0.13753422468256782 -0.06478849423436928
v 0.006849815924294067 0.16134045712276818 -0.0894405695833412
v -0.004173182585481522 0.17743359205206932 -0.0574668770846511
v 0.0325773409208818 0.15362735961186896 -0.032814801735679175
v -0.004571916756555466 0.15304234995863492 -0.08042680566033028
v 0.03217860674980785 0.12923611751843456 -0.05577473031135835
vt 0 1
vt 0.0625 1
vt 0.0625 0.875
vt 0 0.875
vt 0 1
vt 0.1875 1
vt 0.1875 0.875
